paths_animations:
1, "data_user\\fields\\grass\\animations\\animation.txt"
2, "data_user\\fields\\wall\\animations\\animation_right.txt"
3, "data_user\\fields\\wall\\animations\\animation_left.txt"
4, "data_user\\fields\\wall\\animations\\animation_top.txt"
5, "data_user\\fields\\wall\\animations\\animation_down.txt"
6, "data_user\\fields\\stone_1\\animations\\animation.txt"
7, "data_user\\fields\\stone_2\\animations\\animation.txt"
8, "data_user\\entities\\human\\animations\\animation_top.txt"
9, "data_user\\entities\\human\\animations\\animation_right_top.txt"
10, "data_user\\entities\\human\\animations\\animation_right.txt"
11, "data_user\\entities\\human\\animations\\animation_right_down.txt"
12, "data_user\\entities\\human\\animations\\animation_down.txt"
13, "data_user\\entities\\human\\animations\\animation_left_down.txt"
14, "data_user\\entities\\human\\animations\\animation_left.txt"
15, "data_user\\entities\\human\\animations\\animation_left_top.txt"
paths_objects:
1, "data_user\\fields\\grass\\grass.py"
2, "data_user\\fields\\wall\\wall.py"
3, "data_user\\fields\\stone_1\\stone_1.py"
4, "data_user\\fields\\stone_2\\stone_2.py"
5, "data_user\\entities\\human\\human.py"
positions:
1, -7750, -5250, [1], False
1, -7440, -5250, [1], False
1, -7130, -5250, [1], False
1, -6820, -5250, [1], False
1, -6510, -5250, [1], False
1, -6200, -5250, [1], False
1, -5890, -5250, [1], False
1, -5580, -5250, [1], False
1, -5270, -5250, [1], False
1, -4960, -5250, [1], False
1, -4650, -5250, [1], False
1, -4340, -5250, [1], False
1, -4030, -5250, [1], False
1, -3720, -5250, [1], False
1, -3410, -5250, [1], False
1, -3100, -5250, [1], False
1, -2790, -5250, [1], False
1, -2480, -5250, [1], False
1, -2170, -5250, [1], False
1, -1860, -5250, [1], False
1, -1550, -5250, [1], False
1, -1240, -5250, [1], False
1, -930, -5250, [1], False
1, -620, -5250, [1], False
1, -310, -5250, [1], False
1, 0, -5250, [1], False
1, 310, -5250, [1], False
1, 620, -5250, [1], False
1, 930, -5250, [1], False
1, 1240, -5250, [1], False
1, 1550, -5250, [1], False
1, 1860, -5250, [1], False
1, 2170, -5250, [1], False
1, 2480, -5250, [1], False
1, 2790, -5250, [1], False
1, 3100, -5250, [1], False
1, 3410, -5250, [1], False
1, 3720, -5250, [1], False
1, 4030, -5250, [1], False
1, 4340, -5250, [1], False
1, 4650, -5250, [1], False
1, 4960, -5250, [1], False
1, 5270, -5250, [1], False
1, 5580, -5250, [1], False
1, 5890, -5250, [1], False
1, 6200, -5250, [1], False
1, 6510, -5250, [1], False
1, 6820, -5250, [1], False
1, 7130, -5250, [1], False
1, 7440, -5250, [1], False
1, -7750, -5040, [1], False
1, -7440, -5040, [1], False
1, -7130, -5040, [1], False
1, -6820, -5040, [1], False
1, -6510, -5040, [1], False
1, -6200, -5040, [1], False
1, -5890, -5040, [1], False
1, -5580, -5040, [1], False
1, -5270, -5040, [1], False
1, -4960, -5040, [1], False
1, -4650, -5040, [1], False
1, -4340, -5040, [1], False
1, -4030, -5040, [1], False
1, -3720, -5040, [1], False
1, -3410, -5040, [1], False
1, -3100, -5040, [1], False
1, -2790, -5040, [1], False
1, -2480, -5040, [1], False
1, -2170, -5040, [1], False
1, -1860, -5040, [1], False
1, -1550, -5040, [1], False
1, -1240, -5040, [1], False
1, -930, -5040, [1], False
1, -620, -5040, [1], False
1, -310, -5040, [1], False
1, 0, -5040, [1], False
1, 310, -5040, [1], False
1, 620, -5040, [1], False
1, 930, -5040, [1], False
1, 1240, -5040, [1], False
1, 1550, -5040, [1], False
1, 1860, -5040, [1], False
1, 2170, -5040, [1], False
1, 2480, -5040, [1], False
1, 2790, -5040, [1], False
1, 3100, -5040, [1], False
1, 3410, -5040, [1], False
1, 3720, -5040, [1], False
1, 4030, -5040, [1], False
1, 4340, -5040, [1], False
1, 4650, -5040, [1], False
1, 4960, -5040, [1], False
1, 5270, -5040, [1], False
1, 5580, -5040, [1], False
1, 5890, -5040, [1], False
1, 6200, -5040, [1], False
1, 6510, -5040, [1], False
1, 6820, -5040, [1], False
1, 7130, -5040, [1], False
1, 7440, -5040, [1], False
1, -7750, -4830, [1], False
1, -7440, -4830, [1], False
1, -7130, -4830, [1], False
1, -6820, -4830, [1], False
1, -6510, -4830, [1], False
1, -6200, -4830, [1], False
1, -5890, -4830, [1], False
1, -5580, -4830, [1], False
1, -5270, -4830, [1], False
1, -4960, -4830, [1], False
1, -4650, -4830, [1], False
1, -4340, -4830, [1], False
1, -4030, -4830, [1], False
1, -3720, -4830, [1], False
1, -3410, -4830, [1], False
1, -3100, -4830, [1], False
1, -2790, -4830, [1], False
1, -2480, -4830, [1], False
1, -2170, -4830, [1], False
1, -1860, -4830, [1], False
1, -1550, -4830, [1], False
1, -1240, -4830, [1], False
1, -930, -4830, [1], False
1, -620, -4830, [1], False
1, -310, -4830, [1], False
1, 0, -4830, [1], False
1, 310, -4830, [1], False
1, 620, -4830, [1], False
1, 930, -4830, [1], False
1, 1240, -4830, [1], False
1, 1550, -4830, [1], False
1, 1860, -4830, [1], False
1, 2170, -4830, [1], False
1, 2480, -4830, [1], False
1, 2790, -4830, [1], False
1, 3100, -4830, [1], False
1, 3410, -4830, [1], False
1, 3720, -4830, [1], False
1, 4030, -4830, [1], False
1, 4340, -4830, [1], False
1, 4650, -4830, [1], False
1, 4960, -4830, [1], False
1, 5270, -4830, [1], False
1, 5580, -4830, [1], False
1, 5890, -4830, [1], False
1, 6200, -4830, [1], False
1, 6510, -4830, [1], False
1, 6820, -4830, [1], False
1, 7130, -4830, [1], False
1, 7440, -4830, [1], False
1, -7750, -4620, [1], False
1, -7440, -4620, [1], False
1, -7130, -4620, [1], False
1, -6820, -4620, [1], False
1, -6510, -4620, [1], False
1, -6200, -4620, [1], False
1, -5890, -4620, [1], False
1, -5580, -4620, [1], False
1, -5270, -4620, [1], False
1, -4960, -4620, [1], False
1, -4650, -4620, [1], False
1, -4340, -4620, [1], False
1, -4030, -4620, [1], False
1, -3720, -4620, [1], False
1, -3410, -4620, [1], False
1, -3100, -4620, [1], False
1, -2790, -4620, [1], False
1, -2480, -4620, [1], False
1, -2170, -4620, [1], False
1, -1860, -4620, [1], False
1, -1550, -4620, [1], False
1, -1240, -4620, [1], False
1, -930, -4620, [1], False
1, -620, -4620, [1], False
1, -310, -4620, [1], False
1, 0, -4620, [1], False
1, 310, -4620, [1], False
1, 620, -4620, [1], False
1, 930, -4620, [1], False
1, 1240, -4620, [1], False
1, 1550, -4620, [1], False
1, 1860, -4620, [1], False
1, 2170, -4620, [1], False
1, 2480, -4620, [1], False
1, 2790, -4620, [1], False
1, 3100, -4620, [1], False
1, 3410, -4620, [1], False
1, 3720, -4620, [1], False
1, 4030, -4620, [1], False
1, 4340, -4620, [1], False
1, 4650, -4620, [1], False
1, 4960, -4620, [1], False
1, 5270, -4620, [1], False
1, 5580, -4620, [1], False
1, 5890, -4620, [1], False
1, 6200, -4620, [1], False
1, 6510, -4620, [1], False
1, 6820, -4620, [1], False
1, 7130, -4620, [1], False
1, 7440, -4620, [1], False
1, -7750, -4410, [1], False
1, -7440, -4410, [1], False
1, -7130, -4410, [1], False
1, -6820, -4410, [1], False
1, -6510, -4410, [1], False
1, -6200, -4410, [1], False
1, -5890, -4410, [1], False
1, -5580, -4410, [1], False
1, -5270, -4410, [1], False
1, -4960, -4410, [1], False
1, -4650, -4410, [1], False
1, -4340, -4410, [1], False
1, -4030, -4410, [1], False
1, -3720, -4410, [1], False
1, -3410, -4410, [1], False
1, -3100, -4410, [1], False
1, -2790, -4410, [1], False
1, -2480, -4410, [1], False
1, -2170, -4410, [1], False
1, -1860, -4410, [1], False
1, -1550, -4410, [1], False
1, -1240, -4410, [1], False
1, -930, -4410, [1], False
1, -620, -4410, [1], False
1, -310, -4410, [1], False
1, 0, -4410, [1], False
1, 310, -4410, [1], False
1, 620, -4410, [1], False
1, 930, -4410, [1], False
1, 1240, -4410, [1], False
1, 1550, -4410, [1], False
1, 1860, -4410, [1], False
1, 2170, -4410, [1], False
1, 2480, -4410, [1], False
1, 2790, -4410, [1], False
1, 3100, -4410, [1], False
1, 3410, -4410, [1], False
1, 3720, -4410, [1], False
1, 4030, -4410, [1], False
1, 4340, -4410, [1], False
1, 4650, -4410, [1], False
1, 4960, -4410, [1], False
1, 5270, -4410, [1], False
1, 5580, -4410, [1], False
1, 5890, -4410, [1], False
1, 6200, -4410, [1], False
1, 6510, -4410, [1], False
1, 6820, -4410, [1], False
1, 7130, -4410, [1], False
1, 7440, -4410, [1], False
1, -7750, -4200, [1], False
1, -7440, -4200, [1], False
1, -7130, -4200, [1], False
1, -6820, -4200, [1], False
1, -6510, -4200, [1], False
1, -6200, -4200, [1], False
1, -5890, -4200, [1], False
1, -5580, -4200, [1], False
1, -5270, -4200, [1], False
1, -4960, -4200, [1], False
1, -4650, -4200, [1], False
1, -4340, -4200, [1], False
1, -4030, -4200, [1], False
1, -3720, -4200, [1], False
1, -3410, -4200, [1], False
1, -3100, -4200, [1], False
1, -2790, -4200, [1], False
1, -2480, -4200, [1], False
1, -2170, -4200, [1], False
1, -1860, -4200, [1], False
1, -1550, -4200, [1], False
1, -1240, -4200, [1], False
1, -930, -4200, [1], False
1, -620, -4200, [1], False
1, -310, -4200, [1], False
1, 0, -4200, [1], False
1, 310, -4200, [1], False
1, 620, -4200, [1], False
1, 930, -4200, [1], False
1, 1240, -4200, [1], False
1, 1550, -4200, [1], False
1, 1860, -4200, [1], False
1, 2170, -4200, [1], False
1, 2480, -4200, [1], False
1, 2790, -4200, [1], False
1, 3100, -4200, [1], False
1, 3410, -4200, [1], False
1, 3720, -4200, [1], False
1, 4030, -4200, [1], False
1, 4340, -4200, [1], False
1, 4650, -4200, [1], False
1, 4960, -4200, [1], False
1, 5270, -4200, [1], False
1, 5580, -4200, [1], False
1, 5890, -4200, [1], False
1, 6200, -4200, [1], False
1, 6510, -4200, [1], False
1, 6820, -4200, [1], False
1, 7130, -4200, [1], False
1, 7440, -4200, [1], False
1, -7750, -3990, [1], False
1, -7440, -3990, [1], False
1, -7130, -3990, [1], False
1, -6820, -3990, [1], False
1, -6510, -3990, [1], False
1, -6200, -3990, [1], False
1, -5890, -3990, [1], False
1, -5580, -3990, [1], False
1, -5270, -3990, [1], False
1, -4960, -3990, [1], False
1, -4650, -3990, [1], False
1, -4340, -3990, [1], False
1, -4030, -3990, [1], False
1, -3720, -3990, [1], False
1, -3410, -3990, [1], False
1, -3100, -3990, [1], False
1, -2790, -3990, [1], False
1, -2480, -3990, [1], False
1, -2170, -3990, [1], False
1, -1860, -3990, [1], False
1, -1550, -3990, [1], False
1, -1240, -3990, [1], False
1, -930, -3990, [1], False
1, -620, -3990, [1], False
1, -310, -3990, [1], False
1, 0, -3990, [1], False
1, 310, -3990, [1], False
1, 620, -3990, [1], False
1, 930, -3990, [1], False
1, 1240, -3990, [1], False
1, 1550, -3990, [1], False
1, 1860, -3990, [1], False
1, 2170, -3990, [1], False
1, 2480, -3990, [1], False
1, 2790, -3990, [1], False
1, 3100, -3990, [1], False
1, 3410, -3990, [1], False
1, 3720, -3990, [1], False
1, 4030, -3990, [1], False
1, 4340, -3990, [1], False
1, 4650, -3990, [1], False
1, 4960, -3990, [1], False
1, 5270, -3990, [1], False
1, 5580, -3990, [1], False
1, 5890, -3990, [1], False
1, 6200, -3990, [1], False
1, 6510, -3990, [1], False
1, 6820, -3990, [1], False
1, 7130, -3990, [1], False
1, 7440, -3990, [1], False
1, -7750, -3780, [1], False
1, -7440, -3780, [1], False
1, -7130, -3780, [1], False
1, -6820, -3780, [1], False
1, -6510, -3780, [1], False
1, -6200, -3780, [1], False
1, -5890, -3780, [1], False
1, -5580, -3780, [1], False
1, -5270, -3780, [1], False
1, -4960, -3780, [1], False
1, -4650, -3780, [1], False
1, -4340, -3780, [1], False
1, -4030, -3780, [1], False
1, -3720, -3780, [1], False
1, -3410, -3780, [1], False
1, -3100, -3780, [1], False
1, -2790, -3780, [1], False
1, -2480, -3780, [1], False
1, -2170, -3780, [1], False
1, -1860, -3780, [1], False
1, -1550, -3780, [1], False
1, -1240, -3780, [1], False
1, -930, -3780, [1], False
1, -620, -3780, [1], False
1, -310, -3780, [1], False
1, 0, -3780, [1], False
1, 310, -3780, [1], False
1, 620, -3780, [1], False
1, 930, -3780, [1], False
1, 1240, -3780, [1], False
1, 1550, -3780, [1], False
1, 1860, -3780, [1], False
1, 2170, -3780, [1], False
1, 2480, -3780, [1], False
1, 2790, -3780, [1], False
1, 3100, -3780, [1], False
1, 3410, -3780, [1], False
1, 3720, -3780, [1], False
1, 4030, -3780, [1], False
1, 4340, -3780, [1], False
1, 4650, -3780, [1], False
1, 4960, -3780, [1], False
1, 5270, -3780, [1], False
1, 5580, -3780, [1], False
1, 5890, -3780, [1], False
1, 6200, -3780, [1], False
1, 6510, -3780, [1], False
1, 6820, -3780, [1], False
1, 7130, -3780, [1], False
1, 7440, -3780, [1], False
1, -7750, -3570, [1], False
1, -7440, -3570, [1], False
1, -7130, -3570, [1], False
1, -6820, -3570, [1], False
1, -6510, -3570, [1], False
1, -6200, -3570, [1], False
1, -5890, -3570, [1], False
1, -5580, -3570, [1], False
1, -5270, -3570, [1], False
1, -4960, -3570, [1], False
1, -4650, -3570, [1], False
1, -4340, -3570, [1], False
1, -4030, -3570, [1], False
1, -3720, -3570, [1], False
1, -3410, -3570, [1], False
1, -3100, -3570, [1], False
1, -2790, -3570, [1], False
1, -2480, -3570, [1], False
1, -2170, -3570, [1], False
1, -1860, -3570, [1], False
1, -1550, -3570, [1], False
1, -1240, -3570, [1], False
1, -930, -3570, [1], False
1, -620, -3570, [1], False
1, -310, -3570, [1], False
1, 0, -3570, [1], False
1, 310, -3570, [1], False
1, 620, -3570, [1], False
1, 930, -3570, [1], False
1, 1240, -3570, [1], False
1, 1550, -3570, [1], False
1, 1860, -3570, [1], False
1, 2170, -3570, [1], False
1, 2480, -3570, [1], False
1, 2790, -3570, [1], False
1, 3100, -3570, [1], False
1, 3410, -3570, [1], False
1, 3720, -3570, [1], False
1, 4030, -3570, [1], False
1, 4340, -3570, [1], False
1, 4650, -3570, [1], False
1, 4960, -3570, [1], False
1, 5270, -3570, [1], False
1, 5580, -3570, [1], False
1, 5890, -3570, [1], False
1, 6200, -3570, [1], False
1, 6510, -3570, [1], False
1, 6820, -3570, [1], False
1, 7130, -3570, [1], False
1, 7440, -3570, [1], False
1, -7750, -3360, [1], False
1, -7440, -3360, [1], False
1, -7130, -3360, [1], False
1, -6820, -3360, [1], False
1, -6510, -3360, [1], False
1, -6200, -3360, [1], False
1, -5890, -3360, [1], False
1, -5580, -3360, [1], False
1, -5270, -3360, [1], False
1, -4960, -3360, [1], False
1, -4650, -3360, [1], False
1, -4340, -3360, [1], False
1, -4030, -3360, [1], False
1, -3720, -3360, [1], False
1, -3410, -3360, [1], False
1, -3100, -3360, [1], False
1, -2790, -3360, [1], False
1, -2480, -3360, [1], False
1, -2170, -3360, [1], False
1, -1860, -3360, [1], False
1, -1550, -3360, [1], False
1, -1240, -3360, [1], False
1, -930, -3360, [1], False
1, -620, -3360, [1], False
1, -310, -3360, [1], False
1, 0, -3360, [1], False
1, 310, -3360, [1], False
1, 620, -3360, [1], False
1, 930, -3360, [1], False
1, 1240, -3360, [1], False
1, 1550, -3360, [1], False
1, 1860, -3360, [1], False
1, 2170, -3360, [1], False
1, 2480, -3360, [1], False
1, 2790, -3360, [1], False
1, 3100, -3360, [1], False
1, 3410, -3360, [1], False
1, 3720, -3360, [1], False
1, 4030, -3360, [1], False
1, 4340, -3360, [1], False
1, 4650, -3360, [1], False
1, 4960, -3360, [1], False
1, 5270, -3360, [1], False
1, 5580, -3360, [1], False
1, 5890, -3360, [1], False
1, 6200, -3360, [1], False
1, 6510, -3360, [1], False
1, 6820, -3360, [1], False
1, 7130, -3360, [1], False
1, 7440, -3360, [1], False
1, -7750, -3150, [1], False
1, -7440, -3150, [1], False
1, -7130, -3150, [1], False
1, -6820, -3150, [1], False
1, -6510, -3150, [1], False
1, -6200, -3150, [1], False
1, -5890, -3150, [1], False
1, -5580, -3150, [1], False
1, -5270, -3150, [1], False
1, -4960, -3150, [1], False
1, -4650, -3150, [1], False
1, -4340, -3150, [1], False
1, -4030, -3150, [1], False
1, -3720, -3150, [1], False
1, -3410, -3150, [1], False
1, -3100, -3150, [1], False
1, -2790, -3150, [1], False
1, -2480, -3150, [1], False
1, -2170, -3150, [1], False
1, -1860, -3150, [1], False
1, -1550, -3150, [1], False
1, -1240, -3150, [1], False
1, -930, -3150, [1], False
1, -620, -3150, [1], False
1, -310, -3150, [1], False
1, 0, -3150, [1], False
1, 310, -3150, [1], False
1, 620, -3150, [1], False
1, 930, -3150, [1], False
1, 1240, -3150, [1], False
1, 1550, -3150, [1], False
1, 1860, -3150, [1], False
1, 2170, -3150, [1], False
1, 2480, -3150, [1], False
1, 2790, -3150, [1], False
1, 3100, -3150, [1], False
1, 3410, -3150, [1], False
1, 3720, -3150, [1], False
1, 4030, -3150, [1], False
1, 4340, -3150, [1], False
1, 4650, -3150, [1], False
1, 4960, -3150, [1], False
1, 5270, -3150, [1], False
1, 5580, -3150, [1], False
1, 5890, -3150, [1], False
1, 6200, -3150, [1], False
1, 6510, -3150, [1], False
1, 6820, -3150, [1], False
1, 7130, -3150, [1], False
1, 7440, -3150, [1], False
1, -7750, -2940, [1], False
1, -7440, -2940, [1], False
1, -7130, -2940, [1], False
1, -6820, -2940, [1], False
1, -6510, -2940, [1], False
1, -6200, -2940, [1], False
1, -5890, -2940, [1], False
1, -5580, -2940, [1], False
1, -5270, -2940, [1], False
1, -4960, -2940, [1], False
1, -4650, -2940, [1], False
1, -4340, -2940, [1], False
1, -4030, -2940, [1], False
1, -3720, -2940, [1], False
1, -3410, -2940, [1], False
1, -3100, -2940, [1], False
1, -2790, -2940, [1], False
1, -2480, -2940, [1], False
1, -2170, -2940, [1], False
1, -1860, -2940, [1], False
1, -1550, -2940, [1], False
1, -1240, -2940, [1], False
1, -930, -2940, [1], False
1, -620, -2940, [1], False
1, -310, -2940, [1], False
1, 0, -2940, [1], False
1, 310, -2940, [1], False
1, 620, -2940, [1], False
1, 930, -2940, [1], False
1, 1240, -2940, [1], False
1, 1550, -2940, [1], False
1, 1860, -2940, [1], False
1, 2170, -2940, [1], False
1, 2480, -2940, [1], False
1, 2790, -2940, [1], False
1, 3100, -2940, [1], False
1, 3410, -2940, [1], False
1, 3720, -2940, [1], False
1, 4030, -2940, [1], False
1, 4340, -2940, [1], False
1, 4650, -2940, [1], False
1, 4960, -2940, [1], False
1, 5270, -2940, [1], False
1, 5580, -2940, [1], False
1, 5890, -2940, [1], False
1, 6200, -2940, [1], False
1, 6510, -2940, [1], False
1, 6820, -2940, [1], False
1, 7130, -2940, [1], False
1, 7440, -2940, [1], False
1, -7750, -2730, [1], False
1, -7440, -2730, [1], False
1, -7130, -2730, [1], False
1, -6820, -2730, [1], False
1, -6510, -2730, [1], False
1, -6200, -2730, [1], False
1, -5890, -2730, [1], False
1, -5580, -2730, [1], False
1, -5270, -2730, [1], False
1, -4960, -2730, [1], False
1, -4650, -2730, [1], False
1, -4340, -2730, [1], False
1, -4030, -2730, [1], False
1, -3720, -2730, [1], False
1, -3410, -2730, [1], False
1, -3100, -2730, [1], False
1, -2790, -2730, [1], False
1, -2480, -2730, [1], False
1, -2170, -2730, [1], False
1, -1860, -2730, [1], False
1, -1550, -2730, [1], False
1, -1240, -2730, [1], False
1, -930, -2730, [1], False
1, -620, -2730, [1], False
1, -310, -2730, [1], False
1, 0, -2730, [1], False
1, 310, -2730, [1], False
1, 620, -2730, [1], False
1, 930, -2730, [1], False
1, 1240, -2730, [1], False
1, 1550, -2730, [1], False
1, 1860, -2730, [1], False
1, 2170, -2730, [1], False
1, 2480, -2730, [1], False
1, 2790, -2730, [1], False
1, 3100, -2730, [1], False
1, 3410, -2730, [1], False
1, 3720, -2730, [1], False
1, 4030, -2730, [1], False
1, 4340, -2730, [1], False
1, 4650, -2730, [1], False
1, 4960, -2730, [1], False
1, 5270, -2730, [1], False
1, 5580, -2730, [1], False
1, 5890, -2730, [1], False
1, 6200, -2730, [1], False
1, 6510, -2730, [1], False
1, 6820, -2730, [1], False
1, 7130, -2730, [1], False
1, 7440, -2730, [1], False
1, -7750, -2520, [1], False
1, -7440, -2520, [1], False
1, -7130, -2520, [1], False
1, -6820, -2520, [1], False
1, -6510, -2520, [1], False
1, -6200, -2520, [1], False
1, -5890, -2520, [1], False
1, -5580, -2520, [1], False
1, -5270, -2520, [1], False
1, -4960, -2520, [1], False
1, -4650, -2520, [1], False
1, -4340, -2520, [1], False
1, -4030, -2520, [1], False
1, -3720, -2520, [1], False
1, -3410, -2520, [1], False
1, -3100, -2520, [1], False
1, -2790, -2520, [1], False
1, -2480, -2520, [1], False
1, -2170, -2520, [1], False
1, -1860, -2520, [1], False
1, -1550, -2520, [1], False
1, -1240, -2520, [1], False
1, -930, -2520, [1], False
1, -620, -2520, [1], False
1, -310, -2520, [1], False
1, 0, -2520, [1], False
1, 310, -2520, [1], False
1, 620, -2520, [1], False
1, 930, -2520, [1], False
1, 1240, -2520, [1], False
1, 1550, -2520, [1], False
1, 1860, -2520, [1], False
1, 2170, -2520, [1], False
1, 2480, -2520, [1], False
1, 2790, -2520, [1], False
1, 3100, -2520, [1], False
1, 3410, -2520, [1], False
1, 3720, -2520, [1], False
1, 4030, -2520, [1], False
1, 4340, -2520, [1], False
1, 4650, -2520, [1], False
1, 4960, -2520, [1], False
1, 5270, -2520, [1], False
1, 5580, -2520, [1], False
1, 5890, -2520, [1], False
1, 6200, -2520, [1], False
1, 6510, -2520, [1], False
1, 6820, -2520, [1], False
1, 7130, -2520, [1], False
1, 7440, -2520, [1], False
1, -7750, -2310, [1], False
1, -7440, -2310, [1], False
1, -7130, -2310, [1], False
1, -6820, -2310, [1], False
1, -6510, -2310, [1], False
1, -6200, -2310, [1], False
1, -5890, -2310, [1], False
1, -5580, -2310, [1], False
1, -5270, -2310, [1], False
1, -4960, -2310, [1], False
1, -4650, -2310, [1], False
1, -4340, -2310, [1], False
1, -4030, -2310, [1], False
1, -3720, -2310, [1], False
1, -3410, -2310, [1], False
1, -3100, -2310, [1], False
1, -2790, -2310, [1], False
1, -2480, -2310, [1], False
1, -2170, -2310, [1], False
1, -1860, -2310, [1], False
1, -1550, -2310, [1], False
1, -1240, -2310, [1], False
1, -930, -2310, [1], False
1, -620, -2310, [1], False
1, -310, -2310, [1], False
1, 0, -2310, [1], False
1, 310, -2310, [1], False
1, 620, -2310, [1], False
1, 930, -2310, [1], False
1, 1240, -2310, [1], False
1, 1550, -2310, [1], False
1, 1860, -2310, [1], False
1, 2170, -2310, [1], False
1, 2480, -2310, [1], False
1, 2790, -2310, [1], False
1, 3100, -2310, [1], False
1, 3410, -2310, [1], False
1, 3720, -2310, [1], False
1, 4030, -2310, [1], False
1, 4340, -2310, [1], False
1, 4650, -2310, [1], False
1, 4960, -2310, [1], False
1, 5270, -2310, [1], False
1, 5580, -2310, [1], False
1, 5890, -2310, [1], False
1, 6200, -2310, [1], False
1, 6510, -2310, [1], False
1, 6820, -2310, [1], False
1, 7130, -2310, [1], False
1, 7440, -2310, [1], False
1, -7750, -2100, [1], False
1, -7440, -2100, [1], False
1, -7130, -2100, [1], False
1, -6820, -2100, [1], False
1, -6510, -2100, [1], False
1, -6200, -2100, [1], False
1, -5890, -2100, [1], False
1, -5580, -2100, [1], False
1, -5270, -2100, [1], False
1, -4960, -2100, [1], False
1, -4650, -2100, [1], False
1, -4340, -2100, [1], False
1, -4030, -2100, [1], False
1, -3720, -2100, [1], False
1, -3410, -2100, [1], False
1, -3100, -2100, [1], False
1, -2790, -2100, [1], False
1, -2480, -2100, [1], False
1, -2170, -2100, [1], False
1, -1860, -2100, [1], False
1, -1550, -2100, [1], False
1, -1240, -2100, [1], False
1, -930, -2100, [1], False
1, -620, -2100, [1], False
1, -310, -2100, [1], False
1, 0, -2100, [1], False
1, 310, -2100, [1], False
1, 620, -2100, [1], False
1, 930, -2100, [1], False
1, 1240, -2100, [1], False
1, 1550, -2100, [1], False
1, 1860, -2100, [1], False
1, 2170, -2100, [1], False
1, 2480, -2100, [1], False
1, 2790, -2100, [1], False
1, 3100, -2100, [1], False
1, 3410, -2100, [1], False
1, 3720, -2100, [1], False
1, 4030, -2100, [1], False
1, 4340, -2100, [1], False
1, 4650, -2100, [1], False
1, 4960, -2100, [1], False
1, 5270, -2100, [1], False
1, 5580, -2100, [1], False
1, 5890, -2100, [1], False
1, 6200, -2100, [1], False
1, 6510, -2100, [1], False
1, 6820, -2100, [1], False
1, 7130, -2100, [1], False
1, 7440, -2100, [1], False
1, -7750, -1890, [1], False
1, -7440, -1890, [1], False
1, -7130, -1890, [1], False
1, -6820, -1890, [1], False
1, -6510, -1890, [1], False
1, -6200, -1890, [1], False
1, -5890, -1890, [1], False
1, -5580, -1890, [1], False
1, -5270, -1890, [1], False
1, -4960, -1890, [1], False
1, -4650, -1890, [1], False
1, -4340, -1890, [1], False
1, -4030, -1890, [1], False
1, -3720, -1890, [1], False
1, -3410, -1890, [1], False
1, -3100, -1890, [1], False
1, -2790, -1890, [1], False
1, -2480, -1890, [1], False
1, -2170, -1890, [1], False
1, -1860, -1890, [1], False
1, -1550, -1890, [1], False
1, -1240, -1890, [1], False
1, -930, -1890, [1], False
1, -620, -1890, [1], False
1, -310, -1890, [1], False
1, 0, -1890, [1], False
1, 310, -1890, [1], False
1, 620, -1890, [1], False
1, 930, -1890, [1], False
1, 1240, -1890, [1], False
1, 1550, -1890, [1], False
1, 1860, -1890, [1], False
1, 2170, -1890, [1], False
1, 2480, -1890, [1], False
1, 2790, -1890, [1], False
1, 3100, -1890, [1], False
1, 3410, -1890, [1], False
1, 3720, -1890, [1], False
1, 4030, -1890, [1], False
1, 4340, -1890, [1], False
1, 4650, -1890, [1], False
1, 4960, -1890, [1], False
1, 5270, -1890, [1], False
1, 5580, -1890, [1], False
1, 5890, -1890, [1], False
1, 6200, -1890, [1], False
1, 6510, -1890, [1], False
1, 6820, -1890, [1], False
1, 7130, -1890, [1], False
1, 7440, -1890, [1], False
1, -7750, -1680, [1], False
1, -7440, -1680, [1], False
1, -7130, -1680, [1], False
1, -6820, -1680, [1], False
1, -6510, -1680, [1], False
1, -6200, -1680, [1], False
1, -5890, -1680, [1], False
1, -5580, -1680, [1], False
1, -5270, -1680, [1], False
1, -4960, -1680, [1], False
1, -4650, -1680, [1], False
1, -4340, -1680, [1], False
1, -4030, -1680, [1], False
1, -3720, -1680, [1], False
1, -3410, -1680, [1], False
1, -3100, -1680, [1], False
1, -2790, -1680, [1], False
1, -2480, -1680, [1], False
1, -2170, -1680, [1], False
1, -1860, -1680, [1], False
1, -1550, -1680, [1], False
1, -1240, -1680, [1], False
1, -930, -1680, [1], False
1, -620, -1680, [1], False
1, -310, -1680, [1], False
1, 0, -1680, [1], False
1, 310, -1680, [1], False
1, 620, -1680, [1], False
1, 930, -1680, [1], False
1, 1240, -1680, [1], False
1, 1550, -1680, [1], False
1, 1860, -1680, [1], False
1, 2170, -1680, [1], False
1, 2480, -1680, [1], False
1, 2790, -1680, [1], False
1, 3100, -1680, [1], False
1, 3410, -1680, [1], False
1, 3720, -1680, [1], False
1, 4030, -1680, [1], False
1, 4340, -1680, [1], False
1, 4650, -1680, [1], False
1, 4960, -1680, [1], False
1, 5270, -1680, [1], False
1, 5580, -1680, [1], False
1, 5890, -1680, [1], False
1, 6200, -1680, [1], False
1, 6510, -1680, [1], False
1, 6820, -1680, [1], False
1, 7130, -1680, [1], False
1, 7440, -1680, [1], False
1, -7750, -1470, [1], False
1, -7440, -1470, [1], False
1, -7130, -1470, [1], False
1, -6820, -1470, [1], False
1, -6510, -1470, [1], False
1, -6200, -1470, [1], False
1, -5890, -1470, [1], False
1, -5580, -1470, [1], False
1, -5270, -1470, [1], False
1, -4960, -1470, [1], False
1, -4650, -1470, [1], False
1, -4340, -1470, [1], False
1, -4030, -1470, [1], False
1, -3720, -1470, [1], False
1, -3410, -1470, [1], False
1, -3100, -1470, [1], False
1, -2790, -1470, [1], False
1, -2480, -1470, [1], False
1, -2170, -1470, [1], False
1, -1860, -1470, [1], False
1, -1550, -1470, [1], False
1, -1240, -1470, [1], False
1, -930, -1470, [1], False
1, -620, -1470, [1], False
1, -310, -1470, [1], False
1, 0, -1470, [1], False
1, 310, -1470, [1], False
1, 620, -1470, [1], False
1, 930, -1470, [1], False
1, 1240, -1470, [1], False
1, 1550, -1470, [1], False
1, 1860, -1470, [1], False
1, 2170, -1470, [1], False
1, 2480, -1470, [1], False
1, 2790, -1470, [1], False
1, 3100, -1470, [1], False
1, 3410, -1470, [1], False
1, 3720, -1470, [1], False
1, 4030, -1470, [1], False
1, 4340, -1470, [1], False
1, 4650, -1470, [1], False
1, 4960, -1470, [1], False
1, 5270, -1470, [1], False
1, 5580, -1470, [1], False
1, 5890, -1470, [1], False
1, 6200, -1470, [1], False
1, 6510, -1470, [1], False
1, 6820, -1470, [1], False
1, 7130, -1470, [1], False
1, 7440, -1470, [1], False
1, -7750, -1260, [1], False
1, -7440, -1260, [1], False
1, -7130, -1260, [1], False
1, -6820, -1260, [1], False
1, -6510, -1260, [1], False
1, -6200, -1260, [1], False
1, -5890, -1260, [1], False
1, -5580, -1260, [1], False
1, -5270, -1260, [1], False
1, -4960, -1260, [1], False
1, -4650, -1260, [1], False
1, -4340, -1260, [1], False
1, -4030, -1260, [1], False
1, -3720, -1260, [1], False
1, -3410, -1260, [1], False
1, -3100, -1260, [1], False
1, -2790, -1260, [1], False
1, -2480, -1260, [1], False
1, -2170, -1260, [1], False
1, -1860, -1260, [1], False
1, -1550, -1260, [1], False
1, -1240, -1260, [1], False
1, -930, -1260, [1], False
1, -620, -1260, [1], False
1, -310, -1260, [1], False
1, 0, -1260, [1], False
1, 310, -1260, [1], False
1, 620, -1260, [1], False
1, 930, -1260, [1], False
1, 1240, -1260, [1], False
1, 1550, -1260, [1], False
1, 1860, -1260, [1], False
1, 2170, -1260, [1], False
1, 2480, -1260, [1], False
1, 2790, -1260, [1], False
1, 3100, -1260, [1], False
1, 3410, -1260, [1], False
1, 3720, -1260, [1], False
1, 4030, -1260, [1], False
1, 4340, -1260, [1], False
1, 4650, -1260, [1], False
1, 4960, -1260, [1], False
1, 5270, -1260, [1], False
1, 5580, -1260, [1], False
1, 5890, -1260, [1], False
1, 6200, -1260, [1], False
1, 6510, -1260, [1], False
1, 6820, -1260, [1], False
1, 7130, -1260, [1], False
1, 7440, -1260, [1], False
1, -7750, -1050, [1], False
1, -7440, -1050, [1], False
1, -7130, -1050, [1], False
1, -6820, -1050, [1], False
1, -6510, -1050, [1], False
1, -6200, -1050, [1], False
1, -5890, -1050, [1], False
1, -5580, -1050, [1], False
1, -5270, -1050, [1], False
1, -4960, -1050, [1], False
1, -4650, -1050, [1], False
1, -4340, -1050, [1], False
1, -4030, -1050, [1], False
1, -3720, -1050, [1], False
1, -3410, -1050, [1], False
1, -3100, -1050, [1], False
1, -2790, -1050, [1], False
1, -2480, -1050, [1], False
1, -2170, -1050, [1], False
1, -1860, -1050, [1], False
1, -1550, -1050, [1], False
1, -1240, -1050, [1], False
1, -930, -1050, [1], False
1, -620, -1050, [1], False
1, -310, -1050, [1], False
1, 0, -1050, [1], False
1, 310, -1050, [1], False
1, 620, -1050, [1], False
1, 930, -1050, [1], False
1, 1240, -1050, [1], False
1, 1550, -1050, [1], False
1, 1860, -1050, [1], False
1, 2170, -1050, [1], False
1, 2480, -1050, [1], False
1, 2790, -1050, [1], False
1, 3100, -1050, [1], False
1, 3410, -1050, [1], False
1, 3720, -1050, [1], False
1, 4030, -1050, [1], False
1, 4340, -1050, [1], False
1, 4650, -1050, [1], False
1, 4960, -1050, [1], False
1, 5270, -1050, [1], False
1, 5580, -1050, [1], False
1, 5890, -1050, [1], False
1, 6200, -1050, [1], False
1, 6510, -1050, [1], False
1, 6820, -1050, [1], False
1, 7130, -1050, [1], False
1, 7440, -1050, [1], False
1, -7750, -840, [1], False
1, -7440, -840, [1], False
1, -7130, -840, [1], False
1, -6820, -840, [1], False
1, -6510, -840, [1], False
1, -6200, -840, [1], False
1, -5890, -840, [1], False
1, -5580, -840, [1], False
1, -5270, -840, [1], False
1, -4960, -840, [1], False
1, -4650, -840, [1], False
1, -4340, -840, [1], False
1, -4030, -840, [1], False
1, -3720, -840, [1], False
1, -3410, -840, [1], False
1, -3100, -840, [1], False
1, -2790, -840, [1], False
1, -2480, -840, [1], False
1, -2170, -840, [1], False
1, -1860, -840, [1], False
1, -1550, -840, [1], False
1, -1240, -840, [1], False
1, -930, -840, [1], False
1, -620, -840, [1], False
1, -310, -840, [1], False
1, 0, -840, [1], False
1, 310, -840, [1], False
1, 620, -840, [1], False
1, 930, -840, [1], False
1, 1240, -840, [1], False
1, 1550, -840, [1], False
1, 1860, -840, [1], False
1, 2170, -840, [1], False
1, 2480, -840, [1], False
1, 2790, -840, [1], False
1, 3100, -840, [1], False
1, 3410, -840, [1], False
1, 3720, -840, [1], False
1, 4030, -840, [1], False
1, 4340, -840, [1], False
1, 4650, -840, [1], False
1, 4960, -840, [1], False
1, 5270, -840, [1], False
1, 5580, -840, [1], False
1, 5890, -840, [1], False
1, 6200, -840, [1], False
1, 6510, -840, [1], False
1, 6820, -840, [1], False
1, 7130, -840, [1], False
1, 7440, -840, [1], False
1, -7750, -630, [1], False
1, -7440, -630, [1], False
1, -7130, -630, [1], False
1, -6820, -630, [1], False
1, -6510, -630, [1], False
1, -6200, -630, [1], False
1, -5890, -630, [1], False
1, -5580, -630, [1], False
1, -5270, -630, [1], False
1, -4960, -630, [1], False
1, -4650, -630, [1], False
1, -4340, -630, [1], False
1, -4030, -630, [1], False
1, -3720, -630, [1], False
1, -3410, -630, [1], False
1, -3100, -630, [1], False
1, -2790, -630, [1], False
1, -2480, -630, [1], False
1, -2170, -630, [1], False
1, -1860, -630, [1], False
1, -1550, -630, [1], False
1, -1240, -630, [1], False
1, -930, -630, [1], False
1, -620, -630, [1], False
1, -310, -630, [1], False
1, 0, -630, [1], False
1, 310, -630, [1], False
1, 620, -630, [1], False
1, 930, -630, [1], False
1, 1240, -630, [1], False
1, 1550, -630, [1], False
1, 1860, -630, [1], False
1, 2170, -630, [1], False
1, 2480, -630, [1], False
1, 2790, -630, [1], False
1, 3100, -630, [1], False
1, 3410, -630, [1], False
1, 3720, -630, [1], False
1, 4030, -630, [1], False
1, 4340, -630, [1], False
1, 4650, -630, [1], False
1, 4960, -630, [1], False
1, 5270, -630, [1], False
1, 5580, -630, [1], False
1, 5890, -630, [1], False
1, 6200, -630, [1], False
1, 6510, -630, [1], False
1, 6820, -630, [1], False
1, 7130, -630, [1], False
1, 7440, -630, [1], False
1, -7750, -420, [1], False
1, -7440, -420, [1], False
1, -7130, -420, [1], False
1, -6820, -420, [1], False
1, -6510, -420, [1], False
1, -6200, -420, [1], False
1, -5890, -420, [1], False
1, -5580, -420, [1], False
1, -5270, -420, [1], False
1, -4960, -420, [1], False
1, -4650, -420, [1], False
1, -4340, -420, [1], False
1, -4030, -420, [1], False
1, -3720, -420, [1], False
1, -3410, -420, [1], False
1, -3100, -420, [1], False
1, -2790, -420, [1], False
1, -2480, -420, [1], False
1, -2170, -420, [1], False
1, -1860, -420, [1], False
1, -1550, -420, [1], False
1, -1240, -420, [1], False
1, -930, -420, [1], False
1, -620, -420, [1], False
1, -310, -420, [1], False
1, 0, -420, [1], False
1, 310, -420, [1], False
1, 620, -420, [1], False
1, 930, -420, [1], False
1, 1240, -420, [1], False
1, 1550, -420, [1], False
1, 1860, -420, [1], False
1, 2170, -420, [1], False
1, 2480, -420, [1], False
1, 2790, -420, [1], False
1, 3100, -420, [1], False
1, 3410, -420, [1], False
1, 3720, -420, [1], False
1, 4030, -420, [1], False
1, 4340, -420, [1], False
1, 4650, -420, [1], False
1, 4960, -420, [1], False
1, 5270, -420, [1], False
1, 5580, -420, [1], False
1, 5890, -420, [1], False
1, 6200, -420, [1], False
1, 6510, -420, [1], False
1, 6820, -420, [1], False
1, 7130, -420, [1], False
1, 7440, -420, [1], False
1, -7750, -210, [1], False
1, -7440, -210, [1], False
1, -7130, -210, [1], False
1, -6820, -210, [1], False
1, -6510, -210, [1], False
1, -6200, -210, [1], False
1, -5890, -210, [1], False
1, -5580, -210, [1], False
1, -5270, -210, [1], False
1, -4960, -210, [1], False
1, -4650, -210, [1], False
1, -4340, -210, [1], False
1, -4030, -210, [1], False
1, -3720, -210, [1], False
1, -3410, -210, [1], False
1, -3100, -210, [1], False
1, -2790, -210, [1], False
1, -2480, -210, [1], False
1, -2170, -210, [1], False
1, -1860, -210, [1], False
1, -1550, -210, [1], False
1, -1240, -210, [1], False
1, -930, -210, [1], False
1, -620, -210, [1], False
1, -310, -210, [1], False
1, 0, -210, [1], False
1, 310, -210, [1], False
1, 620, -210, [1], False
1, 930, -210, [1], False
1, 1240, -210, [1], False
1, 1550, -210, [1], False
1, 1860, -210, [1], False
1, 2170, -210, [1], False
1, 2480, -210, [1], False
1, 2790, -210, [1], False
1, 3100, -210, [1], False
1, 3410, -210, [1], False
1, 3720, -210, [1], False
1, 4030, -210, [1], False
1, 4340, -210, [1], False
1, 4650, -210, [1], False
1, 4960, -210, [1], False
1, 5270, -210, [1], False
1, 5580, -210, [1], False
1, 5890, -210, [1], False
1, 6200, -210, [1], False
1, 6510, -210, [1], False
1, 6820, -210, [1], False
1, 7130, -210, [1], False
1, 7440, -210, [1], False
1, -7750, 0, [1], False
1, -7440, 0, [1], False
1, -7130, 0, [1], False
1, -6820, 0, [1], False
1, -6510, 0, [1], False
1, -6200, 0, [1], False
1, -5890, 0, [1], False
1, -5580, 0, [1], False
1, -5270, 0, [1], False
1, -4960, 0, [1], False
1, -4650, 0, [1], False
1, -4340, 0, [1], False
1, -4030, 0, [1], False
1, -3720, 0, [1], False
1, -3410, 0, [1], False
1, -3100, 0, [1], False
1, -2790, 0, [1], False
1, -2480, 0, [1], False
1, -2170, 0, [1], False
1, -1860, 0, [1], False
1, -1550, 0, [1], False
1, -1240, 0, [1], False
1, -930, 0, [1], False
1, -620, 0, [1], False
1, -310, 0, [1], False
1, 0, 0, [1], False
1, 310, 0, [1], False
1, 620, 0, [1], False
1, 930, 0, [1], False
1, 1240, 0, [1], False
1, 1550, 0, [1], False
1, 1860, 0, [1], False
1, 2170, 0, [1], False
1, 2480, 0, [1], False
1, 2790, 0, [1], False
1, 3100, 0, [1], False
1, 3410, 0, [1], False
1, 3720, 0, [1], False
1, 4030, 0, [1], False
1, 4340, 0, [1], False
1, 4650, 0, [1], False
1, 4960, 0, [1], False
1, 5270, 0, [1], False
1, 5580, 0, [1], False
1, 5890, 0, [1], False
1, 6200, 0, [1], False
1, 6510, 0, [1], False
1, 6820, 0, [1], False
1, 7130, 0, [1], False
1, 7440, 0, [1], False
1, -7750, 210, [1], False
1, -7440, 210, [1], False
1, -7130, 210, [1], False
1, -6820, 210, [1], False
1, -6510, 210, [1], False
1, -6200, 210, [1], False
1, -5890, 210, [1], False
1, -5580, 210, [1], False
1, -5270, 210, [1], False
1, -4960, 210, [1], False
1, -4650, 210, [1], False
1, -4340, 210, [1], False
1, -4030, 210, [1], False
1, -3720, 210, [1], False
1, -3410, 210, [1], False
1, -3100, 210, [1], False
1, -2790, 210, [1], False
1, -2480, 210, [1], False
1, -2170, 210, [1], False
1, -1860, 210, [1], False
1, -1550, 210, [1], False
1, -1240, 210, [1], False
1, -930, 210, [1], False
1, -620, 210, [1], False
1, -310, 210, [1], False
1, 0, 210, [1], False
1, 310, 210, [1], False
1, 620, 210, [1], False
1, 930, 210, [1], False
1, 1240, 210, [1], False
1, 1550, 210, [1], False
1, 1860, 210, [1], False
1, 2170, 210, [1], False
1, 2480, 210, [1], False
1, 2790, 210, [1], False
1, 3100, 210, [1], False
1, 3410, 210, [1], False
1, 3720, 210, [1], False
1, 4030, 210, [1], False
1, 4340, 210, [1], False
1, 4650, 210, [1], False
1, 4960, 210, [1], False
1, 5270, 210, [1], False
1, 5580, 210, [1], False
1, 5890, 210, [1], False
1, 6200, 210, [1], False
1, 6510, 210, [1], False
1, 6820, 210, [1], False
1, 7130, 210, [1], False
1, 7440, 210, [1], False
1, -7750, 420, [1], False
1, -7440, 420, [1], False
1, -7130, 420, [1], False
1, -6820, 420, [1], False
1, -6510, 420, [1], False
1, -6200, 420, [1], False
1, -5890, 420, [1], False
1, -5580, 420, [1], False
1, -5270, 420, [1], False
1, -4960, 420, [1], False
1, -4650, 420, [1], False
1, -4340, 420, [1], False
1, -4030, 420, [1], False
1, -3720, 420, [1], False
1, -3410, 420, [1], False
1, -3100, 420, [1], False
1, -2790, 420, [1], False
1, -2480, 420, [1], False
1, -2170, 420, [1], False
1, -1860, 420, [1], False
1, -1550, 420, [1], False
1, -1240, 420, [1], False
1, -930, 420, [1], False
1, -620, 420, [1], False
1, -310, 420, [1], False
1, 0, 420, [1], False
1, 310, 420, [1], False
1, 620, 420, [1], False
1, 930, 420, [1], False
1, 1240, 420, [1], False
1, 1550, 420, [1], False
1, 1860, 420, [1], False
1, 2170, 420, [1], False
1, 2480, 420, [1], False
1, 2790, 420, [1], False
1, 3100, 420, [1], False
1, 3410, 420, [1], False
1, 3720, 420, [1], False
1, 4030, 420, [1], False
1, 4340, 420, [1], False
1, 4650, 420, [1], False
1, 4960, 420, [1], False
1, 5270, 420, [1], False
1, 5580, 420, [1], False
1, 5890, 420, [1], False
1, 6200, 420, [1], False
1, 6510, 420, [1], False
1, 6820, 420, [1], False
1, 7130, 420, [1], False
1, 7440, 420, [1], False
1, -7750, 630, [1], False
1, -7440, 630, [1], False
1, -7130, 630, [1], False
1, -6820, 630, [1], False
1, -6510, 630, [1], False
1, -6200, 630, [1], False
1, -5890, 630, [1], False
1, -5580, 630, [1], False
1, -5270, 630, [1], False
1, -4960, 630, [1], False
1, -4650, 630, [1], False
1, -4340, 630, [1], False
1, -4030, 630, [1], False
1, -3720, 630, [1], False
1, -3410, 630, [1], False
1, -3100, 630, [1], False
1, -2790, 630, [1], False
1, -2480, 630, [1], False
1, -2170, 630, [1], False
1, -1860, 630, [1], False
1, -1550, 630, [1], False
1, -1240, 630, [1], False
1, -930, 630, [1], False
1, -620, 630, [1], False
1, -310, 630, [1], False
1, 0, 630, [1], False
1, 310, 630, [1], False
1, 620, 630, [1], False
1, 930, 630, [1], False
1, 1240, 630, [1], False
1, 1550, 630, [1], False
1, 1860, 630, [1], False
1, 2170, 630, [1], False
1, 2480, 630, [1], False
1, 2790, 630, [1], False
1, 3100, 630, [1], False
1, 3410, 630, [1], False
1, 3720, 630, [1], False
1, 4030, 630, [1], False
1, 4340, 630, [1], False
1, 4650, 630, [1], False
1, 4960, 630, [1], False
1, 5270, 630, [1], False
1, 5580, 630, [1], False
1, 5890, 630, [1], False
1, 6200, 630, [1], False
1, 6510, 630, [1], False
1, 6820, 630, [1], False
1, 7130, 630, [1], False
1, 7440, 630, [1], False
1, -7750, 840, [1], False
1, -7440, 840, [1], False
1, -7130, 840, [1], False
1, -6820, 840, [1], False
1, -6510, 840, [1], False
1, -6200, 840, [1], False
1, -5890, 840, [1], False
1, -5580, 840, [1], False
1, -5270, 840, [1], False
1, -4960, 840, [1], False
1, -4650, 840, [1], False
1, -4340, 840, [1], False
1, -4030, 840, [1], False
1, -3720, 840, [1], False
1, -3410, 840, [1], False
1, -3100, 840, [1], False
1, -2790, 840, [1], False
1, -2480, 840, [1], False
1, -2170, 840, [1], False
1, -1860, 840, [1], False
1, -1550, 840, [1], False
1, -1240, 840, [1], False
1, -930, 840, [1], False
1, -620, 840, [1], False
1, -310, 840, [1], False
1, 0, 840, [1], False
1, 310, 840, [1], False
1, 620, 840, [1], False
1, 930, 840, [1], False
1, 1240, 840, [1], False
1, 1550, 840, [1], False
1, 1860, 840, [1], False
1, 2170, 840, [1], False
1, 2480, 840, [1], False
1, 2790, 840, [1], False
1, 3100, 840, [1], False
1, 3410, 840, [1], False
1, 3720, 840, [1], False
1, 4030, 840, [1], False
1, 4340, 840, [1], False
1, 4650, 840, [1], False
1, 4960, 840, [1], False
1, 5270, 840, [1], False
1, 5580, 840, [1], False
1, 5890, 840, [1], False
1, 6200, 840, [1], False
1, 6510, 840, [1], False
1, 6820, 840, [1], False
1, 7130, 840, [1], False
1, 7440, 840, [1], False
1, -7750, 1050, [1], False
1, -7440, 1050, [1], False
1, -7130, 1050, [1], False
1, -6820, 1050, [1], False
1, -6510, 1050, [1], False
1, -6200, 1050, [1], False
1, -5890, 1050, [1], False
1, -5580, 1050, [1], False
1, -5270, 1050, [1], False
1, -4960, 1050, [1], False
1, -4650, 1050, [1], False
1, -4340, 1050, [1], False
1, -4030, 1050, [1], False
1, -3720, 1050, [1], False
1, -3410, 1050, [1], False
1, -3100, 1050, [1], False
1, -2790, 1050, [1], False
1, -2480, 1050, [1], False
1, -2170, 1050, [1], False
1, -1860, 1050, [1], False
1, -1550, 1050, [1], False
1, -1240, 1050, [1], False
1, -930, 1050, [1], False
1, -620, 1050, [1], False
1, -310, 1050, [1], False
1, 0, 1050, [1], False
1, 310, 1050, [1], False
1, 620, 1050, [1], False
1, 930, 1050, [1], False
1, 1240, 1050, [1], False
1, 1550, 1050, [1], False
1, 1860, 1050, [1], False
1, 2170, 1050, [1], False
1, 2480, 1050, [1], False
1, 2790, 1050, [1], False
1, 3100, 1050, [1], False
1, 3410, 1050, [1], False
1, 3720, 1050, [1], False
1, 4030, 1050, [1], False
1, 4340, 1050, [1], False
1, 4650, 1050, [1], False
1, 4960, 1050, [1], False
1, 5270, 1050, [1], False
1, 5580, 1050, [1], False
1, 5890, 1050, [1], False
1, 6200, 1050, [1], False
1, 6510, 1050, [1], False
1, 6820, 1050, [1], False
1, 7130, 1050, [1], False
1, 7440, 1050, [1], False
1, -7750, 1260, [1], False
1, -7440, 1260, [1], False
1, -7130, 1260, [1], False
1, -6820, 1260, [1], False
1, -6510, 1260, [1], False
1, -6200, 1260, [1], False
1, -5890, 1260, [1], False
1, -5580, 1260, [1], False
1, -5270, 1260, [1], False
1, -4960, 1260, [1], False
1, -4650, 1260, [1], False
1, -4340, 1260, [1], False
1, -4030, 1260, [1], False
1, -3720, 1260, [1], False
1, -3410, 1260, [1], False
1, -3100, 1260, [1], False
1, -2790, 1260, [1], False
1, -2480, 1260, [1], False
1, -2170, 1260, [1], False
1, -1860, 1260, [1], False
1, -1550, 1260, [1], False
1, -1240, 1260, [1], False
1, -930, 1260, [1], False
1, -620, 1260, [1], False
1, -310, 1260, [1], False
1, 0, 1260, [1], False
1, 310, 1260, [1], False
1, 620, 1260, [1], False
1, 930, 1260, [1], False
1, 1240, 1260, [1], False
1, 1550, 1260, [1], False
1, 1860, 1260, [1], False
1, 2170, 1260, [1], False
1, 2480, 1260, [1], False
1, 2790, 1260, [1], False
1, 3100, 1260, [1], False
1, 3410, 1260, [1], False
1, 3720, 1260, [1], False
1, 4030, 1260, [1], False
1, 4340, 1260, [1], False
1, 4650, 1260, [1], False
1, 4960, 1260, [1], False
1, 5270, 1260, [1], False
1, 5580, 1260, [1], False
1, 5890, 1260, [1], False
1, 6200, 1260, [1], False
1, 6510, 1260, [1], False
1, 6820, 1260, [1], False
1, 7130, 1260, [1], False
1, 7440, 1260, [1], False
1, -7750, 1470, [1], False
1, -7440, 1470, [1], False
1, -7130, 1470, [1], False
1, -6820, 1470, [1], False
1, -6510, 1470, [1], False
1, -6200, 1470, [1], False
1, -5890, 1470, [1], False
1, -5580, 1470, [1], False
1, -5270, 1470, [1], False
1, -4960, 1470, [1], False
1, -4650, 1470, [1], False
1, -4340, 1470, [1], False
1, -4030, 1470, [1], False
1, -3720, 1470, [1], False
1, -3410, 1470, [1], False
1, -3100, 1470, [1], False
1, -2790, 1470, [1], False
1, -2480, 1470, [1], False
1, -2170, 1470, [1], False
1, -1860, 1470, [1], False
1, -1550, 1470, [1], False
1, -1240, 1470, [1], False
1, -930, 1470, [1], False
1, -620, 1470, [1], False
1, -310, 1470, [1], False
1, 0, 1470, [1], False
1, 310, 1470, [1], False
1, 620, 1470, [1], False
1, 930, 1470, [1], False
1, 1240, 1470, [1], False
1, 1550, 1470, [1], False
1, 1860, 1470, [1], False
1, 2170, 1470, [1], False
1, 2480, 1470, [1], False
1, 2790, 1470, [1], False
1, 3100, 1470, [1], False
1, 3410, 1470, [1], False
1, 3720, 1470, [1], False
1, 4030, 1470, [1], False
1, 4340, 1470, [1], False
1, 4650, 1470, [1], False
1, 4960, 1470, [1], False
1, 5270, 1470, [1], False
1, 5580, 1470, [1], False
1, 5890, 1470, [1], False
1, 6200, 1470, [1], False
1, 6510, 1470, [1], False
1, 6820, 1470, [1], False
1, 7130, 1470, [1], False
1, 7440, 1470, [1], False
1, -7750, 1680, [1], False
1, -7440, 1680, [1], False
1, -7130, 1680, [1], False
1, -6820, 1680, [1], False
1, -6510, 1680, [1], False
1, -6200, 1680, [1], False
1, -5890, 1680, [1], False
1, -5580, 1680, [1], False
1, -5270, 1680, [1], False
1, -4960, 1680, [1], False
1, -4650, 1680, [1], False
1, -4340, 1680, [1], False
1, -4030, 1680, [1], False
1, -3720, 1680, [1], False
1, -3410, 1680, [1], False
1, -3100, 1680, [1], False
1, -2790, 1680, [1], False
1, -2480, 1680, [1], False
1, -2170, 1680, [1], False
1, -1860, 1680, [1], False
1, -1550, 1680, [1], False
1, -1240, 1680, [1], False
1, -930, 1680, [1], False
1, -620, 1680, [1], False
1, -310, 1680, [1], False
1, 0, 1680, [1], False
1, 310, 1680, [1], False
1, 620, 1680, [1], False
1, 930, 1680, [1], False
1, 1240, 1680, [1], False
1, 1550, 1680, [1], False
1, 1860, 1680, [1], False
1, 2170, 1680, [1], False
1, 2480, 1680, [1], False
1, 2790, 1680, [1], False
1, 3100, 1680, [1], False
1, 3410, 1680, [1], False
1, 3720, 1680, [1], False
1, 4030, 1680, [1], False
1, 4340, 1680, [1], False
1, 4650, 1680, [1], False
1, 4960, 1680, [1], False
1, 5270, 1680, [1], False
1, 5580, 1680, [1], False
1, 5890, 1680, [1], False
1, 6200, 1680, [1], False
1, 6510, 1680, [1], False
1, 6820, 1680, [1], False
1, 7130, 1680, [1], False
1, 7440, 1680, [1], False
1, -7750, 1890, [1], False
1, -7440, 1890, [1], False
1, -7130, 1890, [1], False
1, -6820, 1890, [1], False
1, -6510, 1890, [1], False
1, -6200, 1890, [1], False
1, -5890, 1890, [1], False
1, -5580, 1890, [1], False
1, -5270, 1890, [1], False
1, -4960, 1890, [1], False
1, -4650, 1890, [1], False
1, -4340, 1890, [1], False
1, -4030, 1890, [1], False
1, -3720, 1890, [1], False
1, -3410, 1890, [1], False
1, -3100, 1890, [1], False
1, -2790, 1890, [1], False
1, -2480, 1890, [1], False
1, -2170, 1890, [1], False
1, -1860, 1890, [1], False
1, -1550, 1890, [1], False
1, -1240, 1890, [1], False
1, -930, 1890, [1], False
1, -620, 1890, [1], False
1, -310, 1890, [1], False
1, 0, 1890, [1], False
1, 310, 1890, [1], False
1, 620, 1890, [1], False
1, 930, 1890, [1], False
1, 1240, 1890, [1], False
1, 1550, 1890, [1], False
1, 1860, 1890, [1], False
1, 2170, 1890, [1], False
1, 2480, 1890, [1], False
1, 2790, 1890, [1], False
1, 3100, 1890, [1], False
1, 3410, 1890, [1], False
1, 3720, 1890, [1], False
1, 4030, 1890, [1], False
1, 4340, 1890, [1], False
1, 4650, 1890, [1], False
1, 4960, 1890, [1], False
1, 5270, 1890, [1], False
1, 5580, 1890, [1], False
1, 5890, 1890, [1], False
1, 6200, 1890, [1], False
1, 6510, 1890, [1], False
1, 6820, 1890, [1], False
1, 7130, 1890, [1], False
1, 7440, 1890, [1], False
1, -7750, 2100, [1], False
1, -7440, 2100, [1], False
1, -7130, 2100, [1], False
1, -6820, 2100, [1], False
1, -6510, 2100, [1], False
1, -6200, 2100, [1], False
1, -5890, 2100, [1], False
1, -5580, 2100, [1], False
1, -5270, 2100, [1], False
1, -4960, 2100, [1], False
1, -4650, 2100, [1], False
1, -4340, 2100, [1], False
1, -4030, 2100, [1], False
1, -3720, 2100, [1], False
1, -3410, 2100, [1], False
1, -3100, 2100, [1], False
1, -2790, 2100, [1], False
1, -2480, 2100, [1], False
1, -2170, 2100, [1], False
1, -1860, 2100, [1], False
1, -1550, 2100, [1], False
1, -1240, 2100, [1], False
1, -930, 2100, [1], False
1, -620, 2100, [1], False
1, -310, 2100, [1], False
1, 0, 2100, [1], False
1, 310, 2100, [1], False
1, 620, 2100, [1], False
1, 930, 2100, [1], False
1, 1240, 2100, [1], False
1, 1550, 2100, [1], False
1, 1860, 2100, [1], False
1, 2170, 2100, [1], False
1, 2480, 2100, [1], False
1, 2790, 2100, [1], False
1, 3100, 2100, [1], False
1, 3410, 2100, [1], False
1, 3720, 2100, [1], False
1, 4030, 2100, [1], False
1, 4340, 2100, [1], False
1, 4650, 2100, [1], False
1, 4960, 2100, [1], False
1, 5270, 2100, [1], False
1, 5580, 2100, [1], False
1, 5890, 2100, [1], False
1, 6200, 2100, [1], False
1, 6510, 2100, [1], False
1, 6820, 2100, [1], False
1, 7130, 2100, [1], False
1, 7440, 2100, [1], False
1, -7750, 2310, [1], False
1, -7440, 2310, [1], False
1, -7130, 2310, [1], False
1, -6820, 2310, [1], False
1, -6510, 2310, [1], False
1, -6200, 2310, [1], False
1, -5890, 2310, [1], False
1, -5580, 2310, [1], False
1, -5270, 2310, [1], False
1, -4960, 2310, [1], False
1, -4650, 2310, [1], False
1, -4340, 2310, [1], False
1, -4030, 2310, [1], False
1, -3720, 2310, [1], False
1, -3410, 2310, [1], False
1, -3100, 2310, [1], False
1, -2790, 2310, [1], False
1, -2480, 2310, [1], False
1, -2170, 2310, [1], False
1, -1860, 2310, [1], False
1, -1550, 2310, [1], False
1, -1240, 2310, [1], False
1, -930, 2310, [1], False
1, -620, 2310, [1], False
1, -310, 2310, [1], False
1, 0, 2310, [1], False
1, 310, 2310, [1], False
1, 620, 2310, [1], False
1, 930, 2310, [1], False
1, 1240, 2310, [1], False
1, 1550, 2310, [1], False
1, 1860, 2310, [1], False
1, 2170, 2310, [1], False
1, 2480, 2310, [1], False
1, 2790, 2310, [1], False
1, 3100, 2310, [1], False
1, 3410, 2310, [1], False
1, 3720, 2310, [1], False
1, 4030, 2310, [1], False
1, 4340, 2310, [1], False
1, 4650, 2310, [1], False
1, 4960, 2310, [1], False
1, 5270, 2310, [1], False
1, 5580, 2310, [1], False
1, 5890, 2310, [1], False
1, 6200, 2310, [1], False
1, 6510, 2310, [1], False
1, 6820, 2310, [1], False
1, 7130, 2310, [1], False
1, 7440, 2310, [1], False
1, -7750, 2520, [1], False
1, -7440, 2520, [1], False
1, -7130, 2520, [1], False
1, -6820, 2520, [1], False
1, -6510, 2520, [1], False
1, -6200, 2520, [1], False
1, -5890, 2520, [1], False
1, -5580, 2520, [1], False
1, -5270, 2520, [1], False
1, -4960, 2520, [1], False
1, -4650, 2520, [1], False
1, -4340, 2520, [1], False
1, -4030, 2520, [1], False
1, -3720, 2520, [1], False
1, -3410, 2520, [1], False
1, -3100, 2520, [1], False
1, -2790, 2520, [1], False
1, -2480, 2520, [1], False
1, -2170, 2520, [1], False
1, -1860, 2520, [1], False
1, -1550, 2520, [1], False
1, -1240, 2520, [1], False
1, -930, 2520, [1], False
1, -620, 2520, [1], False
1, -310, 2520, [1], False
1, 0, 2520, [1], False
1, 310, 2520, [1], False
1, 620, 2520, [1], False
1, 930, 2520, [1], False
1, 1240, 2520, [1], False
1, 1550, 2520, [1], False
1, 1860, 2520, [1], False
1, 2170, 2520, [1], False
1, 2480, 2520, [1], False
1, 2790, 2520, [1], False
1, 3100, 2520, [1], False
1, 3410, 2520, [1], False
1, 3720, 2520, [1], False
1, 4030, 2520, [1], False
1, 4340, 2520, [1], False
1, 4650, 2520, [1], False
1, 4960, 2520, [1], False
1, 5270, 2520, [1], False
1, 5580, 2520, [1], False
1, 5890, 2520, [1], False
1, 6200, 2520, [1], False
1, 6510, 2520, [1], False
1, 6820, 2520, [1], False
1, 7130, 2520, [1], False
1, 7440, 2520, [1], False
1, -7750, 2730, [1], False
1, -7440, 2730, [1], False
1, -7130, 2730, [1], False
1, -6820, 2730, [1], False
1, -6510, 2730, [1], False
1, -6200, 2730, [1], False
1, -5890, 2730, [1], False
1, -5580, 2730, [1], False
1, -5270, 2730, [1], False
1, -4960, 2730, [1], False
1, -4650, 2730, [1], False
1, -4340, 2730, [1], False
1, -4030, 2730, [1], False
1, -3720, 2730, [1], False
1, -3410, 2730, [1], False
1, -3100, 2730, [1], False
1, -2790, 2730, [1], False
1, -2480, 2730, [1], False
1, -2170, 2730, [1], False
1, -1860, 2730, [1], False
1, -1550, 2730, [1], False
1, -1240, 2730, [1], False
1, -930, 2730, [1], False
1, -620, 2730, [1], False
1, -310, 2730, [1], False
1, 0, 2730, [1], False
1, 310, 2730, [1], False
1, 620, 2730, [1], False
1, 930, 2730, [1], False
1, 1240, 2730, [1], False
1, 1550, 2730, [1], False
1, 1860, 2730, [1], False
1, 2170, 2730, [1], False
1, 2480, 2730, [1], False
1, 2790, 2730, [1], False
1, 3100, 2730, [1], False
1, 3410, 2730, [1], False
1, 3720, 2730, [1], False
1, 4030, 2730, [1], False
1, 4340, 2730, [1], False
1, 4650, 2730, [1], False
1, 4960, 2730, [1], False
1, 5270, 2730, [1], False
1, 5580, 2730, [1], False
1, 5890, 2730, [1], False
1, 6200, 2730, [1], False
1, 6510, 2730, [1], False
1, 6820, 2730, [1], False
1, 7130, 2730, [1], False
1, 7440, 2730, [1], False
1, -7750, 2940, [1], False
1, -7440, 2940, [1], False
1, -7130, 2940, [1], False
1, -6820, 2940, [1], False
1, -6510, 2940, [1], False
1, -6200, 2940, [1], False
1, -5890, 2940, [1], False
1, -5580, 2940, [1], False
1, -5270, 2940, [1], False
1, -4960, 2940, [1], False
1, -4650, 2940, [1], False
1, -4340, 2940, [1], False
1, -4030, 2940, [1], False
1, -3720, 2940, [1], False
1, -3410, 2940, [1], False
1, -3100, 2940, [1], False
1, -2790, 2940, [1], False
1, -2480, 2940, [1], False
1, -2170, 2940, [1], False
1, -1860, 2940, [1], False
1, -1550, 2940, [1], False
1, -1240, 2940, [1], False
1, -930, 2940, [1], False
1, -620, 2940, [1], False
1, -310, 2940, [1], False
1, 0, 2940, [1], False
1, 310, 2940, [1], False
1, 620, 2940, [1], False
1, 930, 2940, [1], False
1, 1240, 2940, [1], False
1, 1550, 2940, [1], False
1, 1860, 2940, [1], False
1, 2170, 2940, [1], False
1, 2480, 2940, [1], False
1, 2790, 2940, [1], False
1, 3100, 2940, [1], False
1, 3410, 2940, [1], False
1, 3720, 2940, [1], False
1, 4030, 2940, [1], False
1, 4340, 2940, [1], False
1, 4650, 2940, [1], False
1, 4960, 2940, [1], False
1, 5270, 2940, [1], False
1, 5580, 2940, [1], False
1, 5890, 2940, [1], False
1, 6200, 2940, [1], False
1, 6510, 2940, [1], False
1, 6820, 2940, [1], False
1, 7130, 2940, [1], False
1, 7440, 2940, [1], False
1, -7750, 3150, [1], False
1, -7440, 3150, [1], False
1, -7130, 3150, [1], False
1, -6820, 3150, [1], False
1, -6510, 3150, [1], False
1, -6200, 3150, [1], False
1, -5890, 3150, [1], False
1, -5580, 3150, [1], False
1, -5270, 3150, [1], False
1, -4960, 3150, [1], False
1, -4650, 3150, [1], False
1, -4340, 3150, [1], False
1, -4030, 3150, [1], False
1, -3720, 3150, [1], False
1, -3410, 3150, [1], False
1, -3100, 3150, [1], False
1, -2790, 3150, [1], False
1, -2480, 3150, [1], False
1, -2170, 3150, [1], False
1, -1860, 3150, [1], False
1, -1550, 3150, [1], False
1, -1240, 3150, [1], False
1, -930, 3150, [1], False
1, -620, 3150, [1], False
1, -310, 3150, [1], False
1, 0, 3150, [1], False
1, 310, 3150, [1], False
1, 620, 3150, [1], False
1, 930, 3150, [1], False
1, 1240, 3150, [1], False
1, 1550, 3150, [1], False
1, 1860, 3150, [1], False
1, 2170, 3150, [1], False
1, 2480, 3150, [1], False
1, 2790, 3150, [1], False
1, 3100, 3150, [1], False
1, 3410, 3150, [1], False
1, 3720, 3150, [1], False
1, 4030, 3150, [1], False
1, 4340, 3150, [1], False
1, 4650, 3150, [1], False
1, 4960, 3150, [1], False
1, 5270, 3150, [1], False
1, 5580, 3150, [1], False
1, 5890, 3150, [1], False
1, 6200, 3150, [1], False
1, 6510, 3150, [1], False
1, 6820, 3150, [1], False
1, 7130, 3150, [1], False
1, 7440, 3150, [1], False
1, -7750, 3360, [1], False
1, -7440, 3360, [1], False
1, -7130, 3360, [1], False
1, -6820, 3360, [1], False
1, -6510, 3360, [1], False
1, -6200, 3360, [1], False
1, -5890, 3360, [1], False
1, -5580, 3360, [1], False
1, -5270, 3360, [1], False
1, -4960, 3360, [1], False
1, -4650, 3360, [1], False
1, -4340, 3360, [1], False
1, -4030, 3360, [1], False
1, -3720, 3360, [1], False
1, -3410, 3360, [1], False
1, -3100, 3360, [1], False
1, -2790, 3360, [1], False
1, -2480, 3360, [1], False
1, -2170, 3360, [1], False
1, -1860, 3360, [1], False
1, -1550, 3360, [1], False
1, -1240, 3360, [1], False
1, -930, 3360, [1], False
1, -620, 3360, [1], False
1, -310, 3360, [1], False
1, 0, 3360, [1], False
1, 310, 3360, [1], False
1, 620, 3360, [1], False
1, 930, 3360, [1], False
1, 1240, 3360, [1], False
1, 1550, 3360, [1], False
1, 1860, 3360, [1], False
1, 2170, 3360, [1], False
1, 2480, 3360, [1], False
1, 2790, 3360, [1], False
1, 3100, 3360, [1], False
1, 3410, 3360, [1], False
1, 3720, 3360, [1], False
1, 4030, 3360, [1], False
1, 4340, 3360, [1], False
1, 4650, 3360, [1], False
1, 4960, 3360, [1], False
1, 5270, 3360, [1], False
1, 5580, 3360, [1], False
1, 5890, 3360, [1], False
1, 6200, 3360, [1], False
1, 6510, 3360, [1], False
1, 6820, 3360, [1], False
1, 7130, 3360, [1], False
1, 7440, 3360, [1], False
1, -7750, 3570, [1], False
1, -7440, 3570, [1], False
1, -7130, 3570, [1], False
1, -6820, 3570, [1], False
1, -6510, 3570, [1], False
1, -6200, 3570, [1], False
1, -5890, 3570, [1], False
1, -5580, 3570, [1], False
1, -5270, 3570, [1], False
1, -4960, 3570, [1], False
1, -4650, 3570, [1], False
1, -4340, 3570, [1], False
1, -4030, 3570, [1], False
1, -3720, 3570, [1], False
1, -3410, 3570, [1], False
1, -3100, 3570, [1], False
1, -2790, 3570, [1], False
1, -2480, 3570, [1], False
1, -2170, 3570, [1], False
1, -1860, 3570, [1], False
1, -1550, 3570, [1], False
1, -1240, 3570, [1], False
1, -930, 3570, [1], False
1, -620, 3570, [1], False
1, -310, 3570, [1], False
1, 0, 3570, [1], False
1, 310, 3570, [1], False
1, 620, 3570, [1], False
1, 930, 3570, [1], False
1, 1240, 3570, [1], False
1, 1550, 3570, [1], False
1, 1860, 3570, [1], False
1, 2170, 3570, [1], False
1, 2480, 3570, [1], False
1, 2790, 3570, [1], False
1, 3100, 3570, [1], False
1, 3410, 3570, [1], False
1, 3720, 3570, [1], False
1, 4030, 3570, [1], False
1, 4340, 3570, [1], False
1, 4650, 3570, [1], False
1, 4960, 3570, [1], False
1, 5270, 3570, [1], False
1, 5580, 3570, [1], False
1, 5890, 3570, [1], False
1, 6200, 3570, [1], False
1, 6510, 3570, [1], False
1, 6820, 3570, [1], False
1, 7130, 3570, [1], False
1, 7440, 3570, [1], False
1, -7750, 3780, [1], False
1, -7440, 3780, [1], False
1, -7130, 3780, [1], False
1, -6820, 3780, [1], False
1, -6510, 3780, [1], False
1, -6200, 3780, [1], False
1, -5890, 3780, [1], False
1, -5580, 3780, [1], False
1, -5270, 3780, [1], False
1, -4960, 3780, [1], False
1, -4650, 3780, [1], False
1, -4340, 3780, [1], False
1, -4030, 3780, [1], False
1, -3720, 3780, [1], False
1, -3410, 3780, [1], False
1, -3100, 3780, [1], False
1, -2790, 3780, [1], False
1, -2480, 3780, [1], False
1, -2170, 3780, [1], False
1, -1860, 3780, [1], False
1, -1550, 3780, [1], False
1, -1240, 3780, [1], False
1, -930, 3780, [1], False
1, -620, 3780, [1], False
1, -310, 3780, [1], False
1, 0, 3780, [1], False
1, 310, 3780, [1], False
1, 620, 3780, [1], False
1, 930, 3780, [1], False
1, 1240, 3780, [1], False
1, 1550, 3780, [1], False
1, 1860, 3780, [1], False
1, 2170, 3780, [1], False
1, 2480, 3780, [1], False
1, 2790, 3780, [1], False
1, 3100, 3780, [1], False
1, 3410, 3780, [1], False
1, 3720, 3780, [1], False
1, 4030, 3780, [1], False
1, 4340, 3780, [1], False
1, 4650, 3780, [1], False
1, 4960, 3780, [1], False
1, 5270, 3780, [1], False
1, 5580, 3780, [1], False
1, 5890, 3780, [1], False
1, 6200, 3780, [1], False
1, 6510, 3780, [1], False
1, 6820, 3780, [1], False
1, 7130, 3780, [1], False
1, 7440, 3780, [1], False
1, -7750, 3990, [1], False
1, -7440, 3990, [1], False
1, -7130, 3990, [1], False
1, -6820, 3990, [1], False
1, -6510, 3990, [1], False
1, -6200, 3990, [1], False
1, -5890, 3990, [1], False
1, -5580, 3990, [1], False
1, -5270, 3990, [1], False
1, -4960, 3990, [1], False
1, -4650, 3990, [1], False
1, -4340, 3990, [1], False
1, -4030, 3990, [1], False
1, -3720, 3990, [1], False
1, -3410, 3990, [1], False
1, -3100, 3990, [1], False
1, -2790, 3990, [1], False
1, -2480, 3990, [1], False
1, -2170, 3990, [1], False
1, -1860, 3990, [1], False
1, -1550, 3990, [1], False
1, -1240, 3990, [1], False
1, -930, 3990, [1], False
1, -620, 3990, [1], False
1, -310, 3990, [1], False
1, 0, 3990, [1], False
1, 310, 3990, [1], False
1, 620, 3990, [1], False
1, 930, 3990, [1], False
1, 1240, 3990, [1], False
1, 1550, 3990, [1], False
1, 1860, 3990, [1], False
1, 2170, 3990, [1], False
1, 2480, 3990, [1], False
1, 2790, 3990, [1], False
1, 3100, 3990, [1], False
1, 3410, 3990, [1], False
1, 3720, 3990, [1], False
1, 4030, 3990, [1], False
1, 4340, 3990, [1], False
1, 4650, 3990, [1], False
1, 4960, 3990, [1], False
1, 5270, 3990, [1], False
1, 5580, 3990, [1], False
1, 5890, 3990, [1], False
1, 6200, 3990, [1], False
1, 6510, 3990, [1], False
1, 6820, 3990, [1], False
1, 7130, 3990, [1], False
1, 7440, 3990, [1], False
1, -7750, 4200, [1], False
1, -7440, 4200, [1], False
1, -7130, 4200, [1], False
1, -6820, 4200, [1], False
1, -6510, 4200, [1], False
1, -6200, 4200, [1], False
1, -5890, 4200, [1], False
1, -5580, 4200, [1], False
1, -5270, 4200, [1], False
1, -4960, 4200, [1], False
1, -4650, 4200, [1], False
1, -4340, 4200, [1], False
1, -4030, 4200, [1], False
1, -3720, 4200, [1], False
1, -3410, 4200, [1], False
1, -3100, 4200, [1], False
1, -2790, 4200, [1], False
1, -2480, 4200, [1], False
1, -2170, 4200, [1], False
1, -1860, 4200, [1], False
1, -1550, 4200, [1], False
1, -1240, 4200, [1], False
1, -930, 4200, [1], False
1, -620, 4200, [1], False
1, -310, 4200, [1], False
1, 0, 4200, [1], False
1, 310, 4200, [1], False
1, 620, 4200, [1], False
1, 930, 4200, [1], False
1, 1240, 4200, [1], False
1, 1550, 4200, [1], False
1, 1860, 4200, [1], False
1, 2170, 4200, [1], False
1, 2480, 4200, [1], False
1, 2790, 4200, [1], False
1, 3100, 4200, [1], False
1, 3410, 4200, [1], False
1, 3720, 4200, [1], False
1, 4030, 4200, [1], False
1, 4340, 4200, [1], False
1, 4650, 4200, [1], False
1, 4960, 4200, [1], False
1, 5270, 4200, [1], False
1, 5580, 4200, [1], False
1, 5890, 4200, [1], False
1, 6200, 4200, [1], False
1, 6510, 4200, [1], False
1, 6820, 4200, [1], False
1, 7130, 4200, [1], False
1, 7440, 4200, [1], False
1, -7750, 4410, [1], False
1, -7440, 4410, [1], False
1, -7130, 4410, [1], False
1, -6820, 4410, [1], False
1, -6510, 4410, [1], False
1, -6200, 4410, [1], False
1, -5890, 4410, [1], False
1, -5580, 4410, [1], False
1, -5270, 4410, [1], False
1, -4960, 4410, [1], False
1, -4650, 4410, [1], False
1, -4340, 4410, [1], False
1, -4030, 4410, [1], False
1, -3720, 4410, [1], False
1, -3410, 4410, [1], False
1, -3100, 4410, [1], False
1, -2790, 4410, [1], False
1, -2480, 4410, [1], False
1, -2170, 4410, [1], False
1, -1860, 4410, [1], False
1, -1550, 4410, [1], False
1, -1240, 4410, [1], False
1, -930, 4410, [1], False
1, -620, 4410, [1], False
1, -310, 4410, [1], False
1, 0, 4410, [1], False
1, 310, 4410, [1], False
1, 620, 4410, [1], False
1, 930, 4410, [1], False
1, 1240, 4410, [1], False
1, 1550, 4410, [1], False
1, 1860, 4410, [1], False
1, 2170, 4410, [1], False
1, 2480, 4410, [1], False
1, 2790, 4410, [1], False
1, 3100, 4410, [1], False
1, 3410, 4410, [1], False
1, 3720, 4410, [1], False
1, 4030, 4410, [1], False
1, 4340, 4410, [1], False
1, 4650, 4410, [1], False
1, 4960, 4410, [1], False
1, 5270, 4410, [1], False
1, 5580, 4410, [1], False
1, 5890, 4410, [1], False
1, 6200, 4410, [1], False
1, 6510, 4410, [1], False
1, 6820, 4410, [1], False
1, 7130, 4410, [1], False
1, 7440, 4410, [1], False
1, -7750, 4620, [1], False
1, -7440, 4620, [1], False
1, -7130, 4620, [1], False
1, -6820, 4620, [1], False
1, -6510, 4620, [1], False
1, -6200, 4620, [1], False
1, -5890, 4620, [1], False
1, -5580, 4620, [1], False
1, -5270, 4620, [1], False
1, -4960, 4620, [1], False
1, -4650, 4620, [1], False
1, -4340, 4620, [1], False
1, -4030, 4620, [1], False
1, -3720, 4620, [1], False
1, -3410, 4620, [1], False
1, -3100, 4620, [1], False
1, -2790, 4620, [1], False
1, -2480, 4620, [1], False
1, -2170, 4620, [1], False
1, -1860, 4620, [1], False
1, -1550, 4620, [1], False
1, -1240, 4620, [1], False
1, -930, 4620, [1], False
1, -620, 4620, [1], False
1, -310, 4620, [1], False
1, 0, 4620, [1], False
1, 310, 4620, [1], False
1, 620, 4620, [1], False
1, 930, 4620, [1], False
1, 1240, 4620, [1], False
1, 1550, 4620, [1], False
1, 1860, 4620, [1], False
1, 2170, 4620, [1], False
1, 2480, 4620, [1], False
1, 2790, 4620, [1], False
1, 3100, 4620, [1], False
1, 3410, 4620, [1], False
1, 3720, 4620, [1], False
1, 4030, 4620, [1], False
1, 4340, 4620, [1], False
1, 4650, 4620, [1], False
1, 4960, 4620, [1], False
1, 5270, 4620, [1], False
1, 5580, 4620, [1], False
1, 5890, 4620, [1], False
1, 6200, 4620, [1], False
1, 6510, 4620, [1], False
1, 6820, 4620, [1], False
1, 7130, 4620, [1], False
1, 7440, 4620, [1], False
1, -7750, 4830, [1], False
1, -7440, 4830, [1], False
1, -7130, 4830, [1], False
1, -6820, 4830, [1], False
1, -6510, 4830, [1], False
1, -6200, 4830, [1], False
1, -5890, 4830, [1], False
1, -5580, 4830, [1], False
1, -5270, 4830, [1], False
1, -4960, 4830, [1], False
1, -4650, 4830, [1], False
1, -4340, 4830, [1], False
1, -4030, 4830, [1], False
1, -3720, 4830, [1], False
1, -3410, 4830, [1], False
1, -3100, 4830, [1], False
1, -2790, 4830, [1], False
1, -2480, 4830, [1], False
1, -2170, 4830, [1], False
1, -1860, 4830, [1], False
1, -1550, 4830, [1], False
1, -1240, 4830, [1], False
1, -930, 4830, [1], False
1, -620, 4830, [1], False
1, -310, 4830, [1], False
1, 0, 4830, [1], False
1, 310, 4830, [1], False
1, 620, 4830, [1], False
1, 930, 4830, [1], False
1, 1240, 4830, [1], False
1, 1550, 4830, [1], False
1, 1860, 4830, [1], False
1, 2170, 4830, [1], False
1, 2480, 4830, [1], False
1, 2790, 4830, [1], False
1, 3100, 4830, [1], False
1, 3410, 4830, [1], False
1, 3720, 4830, [1], False
1, 4030, 4830, [1], False
1, 4340, 4830, [1], False
1, 4650, 4830, [1], False
1, 4960, 4830, [1], False
1, 5270, 4830, [1], False
1, 5580, 4830, [1], False
1, 5890, 4830, [1], False
1, 6200, 4830, [1], False
1, 6510, 4830, [1], False
1, 6820, 4830, [1], False
1, 7130, 4830, [1], False
1, 7440, 4830, [1], False
1, -7750, 5040, [1], False
1, -7440, 5040, [1], False
1, -7130, 5040, [1], False
1, -6820, 5040, [1], False
1, -6510, 5040, [1], False
1, -6200, 5040, [1], False
1, -5890, 5040, [1], False
1, -5580, 5040, [1], False
1, -5270, 5040, [1], False
1, -4960, 5040, [1], False
1, -4650, 5040, [1], False
1, -4340, 5040, [1], False
1, -4030, 5040, [1], False
1, -3720, 5040, [1], False
1, -3410, 5040, [1], False
1, -3100, 5040, [1], False
1, -2790, 5040, [1], False
1, -2480, 5040, [1], False
1, -2170, 5040, [1], False
1, -1860, 5040, [1], False
1, -1550, 5040, [1], False
1, -1240, 5040, [1], False
1, -930, 5040, [1], False
1, -620, 5040, [1], False
1, -310, 5040, [1], False
1, 0, 5040, [1], False
1, 310, 5040, [1], False
1, 620, 5040, [1], False
1, 930, 5040, [1], False
1, 1240, 5040, [1], False
1, 1550, 5040, [1], False
1, 1860, 5040, [1], False
1, 2170, 5040, [1], False
1, 2480, 5040, [1], False
1, 2790, 5040, [1], False
1, 3100, 5040, [1], False
1, 3410, 5040, [1], False
1, 3720, 5040, [1], False
1, 4030, 5040, [1], False
1, 4340, 5040, [1], False
1, 4650, 5040, [1], False
1, 4960, 5040, [1], False
1, 5270, 5040, [1], False
1, 5580, 5040, [1], False
1, 5890, 5040, [1], False
1, 6200, 5040, [1], False
1, 6510, 5040, [1], False
1, 6820, 5040, [1], False
1, 7130, 5040, [1], False
1, 7440, 5040, [1], False
2, 7750, -5250, [2], False
2, 7750, -4950, [2], False
2, 7750, -4650, [2], False
2, 7750, -4350, [2], False
2, 7750, -4050, [2], False
2, 7750, -3750, [2], False
2, 7750, -3450, [2], False
2, 7750, -3150, [2], False
2, 7750, -2850, [2], False
2, 7750, -2550, [2], False
2, 7750, -2250, [2], False
2, 7750, -1950, [2], False
2, 7750, -1650, [2], False
2, 7750, -1350, [2], False
2, 7750, -1050, [2], False
2, 7750, -750, [2], False
2, 7750, -450, [2], False
2, 7750, -150, [2], False
2, 7750, 150, [2], False
2, 7750, 450, [2], False
2, 7750, 750, [2], False
2, 7750, 1050, [2], False
2, 7750, 1350, [2], False
2, 7750, 1650, [2], False
2, 7750, 1950, [2], False
2, 7750, 2250, [2], False
2, 7750, 2550, [2], False
2, 7750, 2850, [2], False
2, 7750, 3150, [2], False
2, 7750, 3450, [2], False
2, 7750, 3750, [2], False
2, 7750, 4050, [2], False
2, 7750, 4350, [2], False
2, 7750, 4650, [2], False
2, 7750, 4950, [2], False
2, 7750, 4955, [2], False
2, -7900, -5250, [3], False
2, -7900, -4950, [3], False
2, -7900, -4650, [3], False
2, -7900, -4350, [3], False
2, -7900, -4050, [3], False
2, -7900, -3750, [3], False
2, -7900, -3450, [3], False
2, -7900, -3150, [3], False
2, -7900, -2850, [3], False
2, -7900, -2550, [3], False
2, -7900, -2250, [3], False
2, -7900, -1950, [3], False
2, -7900, -1650, [3], False
2, -7900, -1350, [3], False
2, -7900, -1050, [3], False
2, -7900, -750, [3], False
2, -7900, -450, [3], False
2, -7900, -150, [3], False
2, -7900, 150, [3], False
2, -7900, 450, [3], False
2, -7900, 750, [3], False
2, -7900, 1050, [3], False
2, -7900, 1350, [3], False
2, -7900, 1650, [3], False
2, -7900, 1950, [3], False
2, -7900, 2250, [3], False
2, -7900, 2550, [3], False
2, -7900, 2850, [3], False
2, -7900, 3150, [3], False
2, -7900, 3450, [3], False
2, -7900, 3750, [3], False
2, -7900, 4050, [3], False
2, -7900, 4350, [3], False
2, -7900, 4650, [3], False
2, -7900, 4950, [3], False
2, -7900, 4955, [3], False
2, -7750, -5400, [4], False
2, -7450, -5400, [4], False
2, -7150, -5400, [4], False
2, -6850, -5400, [4], False
2, -6550, -5400, [4], False
2, -6250, -5400, [4], False
2, -5950, -5400, [4], False
2, -5650, -5400, [4], False
2, -5350, -5400, [4], False
2, -5050, -5400, [4], False
2, -4750, -5400, [4], False
2, -4450, -5400, [4], False
2, -4150, -5400, [4], False
2, -3850, -5400, [4], False
2, -3550, -5400, [4], False
2, -3250, -5400, [4], False
2, -2950, -5400, [4], False
2, -2650, -5400, [4], False
2, -2350, -5400, [4], False
2, -2050, -5400, [4], False
2, -1750, -5400, [4], False
2, -1450, -5400, [4], False
2, -1150, -5400, [4], False
2, -850, -5400, [4], False
2, -550, -5400, [4], False
2, -250, -5400, [4], False
2, 50, -5400, [4], False
2, 350, -5400, [4], False
2, 650, -5400, [4], False
2, 950, -5400, [4], False
2, 1250, -5400, [4], False
2, 1550, -5400, [4], False
2, 1850, -5400, [4], False
2, 2150, -5400, [4], False
2, 2450, -5400, [4], False
2, 2750, -5400, [4], False
2, 3050, -5400, [4], False
2, 3350, -5400, [4], False
2, 3650, -5400, [4], False
2, 3950, -5400, [4], False
2, 4250, -5400, [4], False
2, 4550, -5400, [4], False
2, 4850, -5400, [4], False
2, 5150, -5400, [4], False
2, 5450, -5400, [4], False
2, 5750, -5400, [4], False
2, 6050, -5400, [4], False
2, 6350, -5400, [4], False
2, 6650, -5400, [4], False
2, 6950, -5400, [4], False
2, 7250, -5400, [4], False
2, 7455, -5400, [4], False
2, -7750, 5245, [5], False
2, -7450, 5245, [5], False
2, -7150, 5245, [5], False
2, -6850, 5245, [5], False
2, -6550, 5245, [5], False
2, -6250, 5245, [5], False
2, -5950, 5245, [5], False
2, -5650, 5245, [5], False
2, -5350, 5245, [5], False
2, -5050, 5245, [5], False
2, -4750, 5245, [5], False
2, -4450, 5245, [5], False
2, -4150, 5245, [5], False
2, -3850, 5245, [5], False
2, -3550, 5245, [5], False
2, -3250, 5245, [5], False
2, -2950, 5245, [5], False
2, -2650, 5245, [5], False
2, -2350, 5245, [5], False
2, -2050, 5245, [5], False
2, -1750, 5245, [5], False
2, -1450, 5245, [5], False
2, -1150, 5245, [5], False
2, -850, 5245, [5], False
2, -550, 5245, [5], False
2, -250, 5245, [5], False
2, 50, 5245, [5], False
2, 350, 5245, [5], False
2, 650, 5245, [5], False
2, 950, 5245, [5], False
2, 1250, 5245, [5], False
2, 1550, 5245, [5], False
2, 1850, 5245, [5], False
2, 2150, 5245, [5], False
2, 2450, 5245, [5], False
2, 2750, 5245, [5], False
2, 3050, 5245, [5], False
2, 3350, 5245, [5], False
2, 3650, 5245, [5], False
2, 3950, 5245, [5], False
2, 4250, 5245, [5], False
2, 4550, 5245, [5], False
2, 4850, 5245, [5], False
2, 5150, 5245, [5], False
2, 5450, 5245, [5], False
2, 5750, 5245, [5], False
2, 6050, 5245, [5], False
2, 6350, 5245, [5], False
2, 6650, 5245, [5], False
2, 6950, 5245, [5], False
2, 7250, 5245, [5], False
2, 7455, 5245, [5], False
5, width//2, height//2, [8, 9, 10, 11, 12, 13, 14, 15], Player